1
 4817 8582 2800 5502 8565 4827 8172 4463 1502 10178
/
2
 5012 7113 2284 8891 7803 2218 2729 10789 5630 7998
/
3
 11038 7086 5250 6888 4079 7571 1337 8238 5981 5856
/
4
 3595 4199 2042 146 4412 1136 4596 6138 7157 5838
/
5
 3252 2193 2682 276 8952 1875 4918 3729 5443 4202
/
6
 5440 2682 8534 5739 6997 1835 3380 4306 8134 4305
/
7
 2096 6017 5292 10109 2725 6386 6184 7130 9448 6569
/
8
 3774 11350 1998 10912 987 1358 5083 4117 10228 10790
/
9
 7014 3089 6381 4754 4972 5071 1759 70 698 4641
/
10
 9530 10617 933 4091 4329 3264 1621 1934 3384 3053
/
11
 7654 7656 8219 4925 7657 4139 1350 5024 7655 74
/
12
 4733 1074 659 8336 162 8095 2205 657 426 2203
/
13
 5873 3631 3398 11053 2458 8464 8346 4454 9552 5250
/
14
 8203 5749 6260 6623 5561 3851 5536 11038 10626 1065
/
15
 260 6988 4815 1848 3734 10886 3388 9853 6763 5152
/
16
 9175 6098 3158 10028 2185 5448 5781 11208 6688 1848
/
17
 10981 347 9486 10979 10288 93 11128 10836 1222 94
/
18
 6212 739 93 10979 9741 7426 6593 2122 7617 4394
/
19
 8757 10693 7615 1004 1406 8606 9486 2397 1407 10105
/
20
 7426 4797 6491 6135 1551 10438 6228 9060 2029 2235
/
21
 7864 733 1907 10715 10871 4152 3116 10541 478 2118
/
22
 10562 6126 608 1551 2032 4885 10438 483 9060 10988
/
23
 81 5605 1664 8453 6312 4784 9612 5601 5703 206
/
24
 9135 10256 11374 9737 1391 6663 2640 4784 6308 8758
/
25
 1433 3351 9047 10981 347 5793 629 4007 9027 4175
/
26
 5800 6842 7226 2016 5907 3111 11108 7613 2632 8078
/
27
 9160 124 8517 4293 6004 6037 8790 9848 1154 3553
/
28
 4434 8230 3616 7483 4720 8441 11225 8824 6906 8252
/
29
 9133 3004 11124 5394 2513 9023 7036 9998 4271 6018
/
30
 3822 5091 2765 1284 5310 9753 3239 10864 10246 3823
/
31
 8393 8615 3104 4491 10959 1118 2110 3239 4875 9011
/
32
 9160 1822 914 10456 8517 8790 3930 4293 8516 6004
/
33
 11262 6134 3470 7053 6331 1930 11408 7021 9050 11128
/
34
 11263 2413 1414 1415 10562 1080 619 2729 9388 9830
/
35
 3932 369 5209 3922 3586 2032 1556 8936 1429 225
/
36
 774 1551 375 9768 2933 5140 6516 10438 3718 5737
/
37
 2256 4025 86 10973 492 10114 10974 9745 8909 336
/
38
 332 9623 4044 476 10828 1248 9624 10103 1801 2648
/
39
 909 2155 9054 2157 5106 5876 6832 9519 11423 8295
/
40
 863 11121 733 205 2254 10112 9018 1783 9624 475
/
41
 3037 2428 3942 9069 5628 395 5130 4308 1586 5457
/
42
 5444 6424 5686 8422 6147 6514 2423 1472 1100 1713
/
43
 2933 9768 4309 3601 6516 4066 1157 2173 263 267
/
44
 7989 10356 3040 267 9768 2173 6516 3595 3139 8099
/
45
 3941 938 274 8953 5844 10324 5431 2431 5494 7561
/
46
 3599 11168 6237 8099 3939 6052 4058 4312 1586 6337
/
47
 10636 3754 2210 6272 4454 2979 10363 281 4215 1626
/
48
 8651 5348 4302 151 924 10745 3833 1934 5760 1604
/
49
 3045 4209 222 4595 1159 5276 9925 4100 5180 1078
/
50
 1845 6417 396 10181 7799 153 5727 1824 6905 7768
/
51
 8223 6878 5551 3165 3163 4825 10357 3166 8436 7717
/
52
 7653 1158 9870 399 4589 7188 5760 9070 4298 5837
/
53
 730 1816 6414 9707 7779 6713 3512 10476 3256 2977
/
54
 1455 8652 776 10479 8951 10031 3475 4099 10616 1833
/
55
 949 3516 10631 9562 9598 2076 1720 6157 2447 30
/
56
 442 1091 9091 11060 3366 8978 5760 1200 10063 1204
/
57
 7697 4074 10336 3849 6782 7695 9796 5973 1313 9851
/
58
 7067 6866 8198 6858 5536 1297 4346 921 6332 8675
/
59
 5441 10323 4811 267 9768 2173 7989 4710 9670 3601
/
60
 10503 10182 645 8560 31 9705 3489 2321 6106 1077
/
61
 123 7063 8293 3658 4857 2155 6939 5534 2742 6477
/
62
 4711 9775 11322 8962 9298 6508 8806 3035 3956 3610
/
63
 9951 10755 9698 9419 10039 10175 10339 10486 5856 5250
/
64
 9732 9896 2607 8876 6836 6295 10925 11016 1232 1773
/
65
 7562 6783 3062 9098 4074 4244 2224 3388 2194 5470
/
66
 9453 1511 10438 8873 721 561 1328 10797 6580 246
/
67
 2731 5293 5306 6840 10533 10392 1266 8602 8382 1233
/
68
 3065 1828 4301 1830 7489 3832 3032 6440 7071 6602
/
69
 1954 4205 9183 4612 4438 3504 7475 5861 10043 11191
/
70
 626 9564 5377 11076 1759 1744 4726 155 1791 1958
/
71
 7296 4886 7102 1459 4740 1192 2438 385 28 7266
/
72
 10063 8835 2213 4937 8856 10065 4108 541 958 9174
/
73
 8558 11320 7580 4444 534 9432 8129 4209 6262 8019
/
74
 4108 10763 8978 10063 1204 10209 10202 440 442 1091
/
75
 9083 11187 1321 7804 4342 9542 7269 782 10190 275
/
76
 3066 430 7580 10319 9434 8572 3406 1191 3186 1486
/
77
 3318 4625 7602 9979 6190 3210 8267 553 2256 2724
/
78
 5981 4079 10039 5856 5250 9421 11038 9418 3272 7572
/
79
 382 11424 4705 8190 8764 6148 65 2701 3121 11352
/
80
 74 2680 4114 5449 2945 2676 7665 7653 9870 1302
/
81
 3959 9936 4848 6699 5642 4817 7918 2948 3475 421
/
82
 6416 4413 1076 1641 4346 5230 10632 6332 7539 10905
/
83
 4629 6636 8844 9807 1085 10192 8570 2672 4624 10213
/
84
 4412 6138 7762 6866 7647 6947 7777 6332 7541 4186
/
85
 5132 5332 9205 3043 10386 5832 5448 3718 3448 9071
/
86
 6683 3530 4451 11052 8844 1485 3982 4353 8328 522
/
87
 3665 2356 3314 6400 834 9332 11094 5234 4969 861
/
88
 3548 10806 3994 6482 9823 7006 5380 9219 1232 8038
/
89
 3937 1090 944 10185 11336 794 9320 10155 1074 9078
/
90
 11341 7011 6581 1348 180 3911 5284 3310 9309 8230
/
91
 9224 2854 9991 9717 6581 3997 6840 6182 10614 2679
/
92
 1215 2632 3571 4978 8873 2225 313 8874 6484 6640
/
93
 2964 7802 3256 1976 533 3150 151 163 2449 5645
/
